48424
32316
49242
24403
38034
57228
14617
15521
28756
14299
65169
37630
35784
1630
26299
15141
42322
9747
48988
32597
39521
57189
4544
62655
15123
6732
64840
6641
30758
35604
18688
14944
12267
32986
20108
24237
8914
17470
42238
49330
35767
23312
59373
12386
39894
13012
16794
38175
42041
38044
38229
42108
3885
18588
5345
36415
53660
43938
28616
43803
40640
58493
6439
50071
44641
24387
48992
48084
10072
14626
39896
62146
27435
7308
51064
27970
21780
31770
1439
39538
37928
11764
12853
41979
18144
45755
39907
32226
58119
17895
28685
21399
53604
35413
3746
13723
24008
55552
42761
41695
11105
2453
8508
27827
4041
57585
48337
41555
28300
4388
24502
27624
8156
3404
40392
43678
57656
37326
40307
40497
58198
7058
8906
59045
28282
5834
60804
52402
54106
3143
56909
33601
2961
49910
57341
59948
63177
12023
43248
31967
2747
10256
4858
26701
26793
35678
64720
2448
33987
28491
37173
15243
8170
551
3603
11323
5099
8900
2922
58461
709
39924
5772
5133
5127
34745
46294
3838
40257
57758
31094
35147
31980
57727
28318
40219
34680
50402
15247
53019
13692
9636
63717
14090
42426
38126
52004
4105
28411
41392
5083
54388
61865
46712
15053
41271
12671
54131
54802
1668
26845
23392
57586
9872
50066
15588
219
12309
4798
16895
50517
59500
98
19676
50824
16997
52374
39071
25908
31095
290
36440
18874
1871
45071
32202
7624
8661
46950
12278
6199
31753
30105
14946
64559
25288
14241
40403
1752
16876
10613
16059
51458
19540
31767
22548
8080
46288
59222
8217
58677
19627
23015
26804
50604
51426
5602
20571
62702
38754
15094
56154
53169
27683
51325
3495
25724
16550
61672
25177
6545
51683
33562
5229
35482
44809
40566
58401
64780
30943
39196
61969
35493
5258
17849
1209
12673
20195
50543
29447
8308
13823
849
57108
53116
20253
26450
35650
12023
58879
24430
2635
38854
60012
1188
17458
16839
16104
26413
46875
10447
37736
20364
44996
12627
54712
29130
10798
32929
31211
62166
39945
49245
54712
36505
6149
1227
7250
54627
51080
22742
13128
39367
28566
19683
16078
23167
41566
1382
59964
57177
61683
6041
50024
25091
15530
25647
35484
1257
34173
9590
53143
28812
57064
38532
11459
44044
44943
12213
42644
30000
60737
8369
17434
57457
36757
54503
41413
6022
8940
17428
44534
60959
60671
8259
47838
21974
59177
40206
51297
44378
27013
17363
11690
32977
31088
46502
21187
43804
34212
14560
53645
20271
63195
52430
22707
54831
25952
15700
60708
55548
50929
18864
28026
33350
21652
36840
28852
51078
53828
12662
3322
41908
57964
24671
46642
60458
413
32107
3336
8077
3037
42024
8221
48511
59549
24167
43129
60769
21791
25363
12921
61321
11022
20973
54105
37074
57998
6926
2972
30976
8271
27755
13855
8885
39280
3329
29861
56542
29841
25459
25558
47752
4483
41032
7106
31911
3030
45561
40315
35421
43101
36195
60589
3374
14053
42970
47894
26779
22509
11220
58871
1236
24227
21811
41302
54308
2493
4681
15366
65388
42631
2395
162
47291
172
13194
5366
41293
43793
35978
63731
23244
39767
50623
43688
30791
28036
21097
41962
56043
8543
36118
10929
46703
45644
41766
29935
45732
34360
38362
15880
26631
37827
8142
54614
25970
3140
1386
48274
62196
53064
5621
24777
25091
31569
27849
45806
17278
24287
52730
44161
47381
11731
62109
35624
1876
17851
24181
37386
57488
36952
48593
56111
48399
4737
38535
35988
12974
53027
17734
5681
11184
32277
16434
54805
14940
21993
35897
8265
2761
47676
21226
38850
10001
30223
56901
36365
16729
30590
44532
44951
62423
65524
20788
11247
9871
26095
39265
17140
58948
56352
11779
17297
40166
63712
39844
38046
2960
47460
26045
63332
46434
33193
10515
23179
17171
46398
25127
63298
50656
18922
20965
7766
14036
31765
54619
49874
33457
12822
55903
2382
23537
48928
42682
43251
47362
32027
6238
56162
46611
1541
48876
46449
48324
56938
34914
45688
41515
53893
16326
51394
31246
37843
19392
46560
24104
50380
43093
10139
24379
20691
43189
45041
23672
61227
32866
60034
562
1383
13426
7697
45931
53340
27180
55239
30879
5744
34392
17826
8663
31634
58423
23679
55304
29242
13057
27296
13207
19966
39000
35682
14345
1990
21716
23280
2493
12667
53367
17073
56866
35795
5942
8084
11148
54425
35998
56459
61402
8902
37014
52064
36514
28721
49482
5958
9519
31490
46829
3292
46557
43833
30761
13755
31369
8004
24946
24411
24538
60817
59561
45469
52915
19714
6546
30093
48947
64222
8452
15433
44678
26374
62569
48656
40896
65243
33719
13470
19795
12449
52575
45236
11658
19593
12421
10967
52784
23111
406
59783
19262
62019
27522
34163
36789
35944
15175
62682
34620
60563
14257
56478
8412
2506
62293
5582
51106
12873
42564
11183
58100
14033
3732
16163
46817
3141
52876
35494
8695
53095
25503
60494
54214
11219
65039
48077
39334
22900
1341
34582
51458
47795
29547
31702
62261
28192
58521
35904
22931
12298
57843
11551
50298
51267
48622
45060
49319
3554
3882
10487
65240
41666
18771
55631
56531
51966
5777
48150
35174
54724
22727
59675
57266
5411
17248
38286
63239
19960
58304
59731
33876
18446
64297
14838
58988
60753
65479
27922
10
28103
59266
56990
40768
41207
27875
41525
64105
23823
26653
60140
60658
31834
44019
53892
55978
37633
23043
16469
3289
62874
35879
55547
41396
13629
27611
21379
49837
62383
48178
24041
22897
16927
35417
5010
19346
15123
13049
33523
56136
21742
27471
38532
62754
59851
13010
1586
20691
35832
57603
33876
37700
8212
16776
51709
23335
3847
27317
17464
60599
42783
44749
7436
15961
27817
27260
528
31643
25476
10691
5385
51204
34103
33774
48137
35935
42352
30142
52168
59639
656
59945
43751
56041
62641
34180
21928
9063
27638
53059
33168
19154
52001
9094
54754
51
48524
47664
12992
15629
52236
54519
11209
46879
2889
17306
9727
21087
27548
54443
21042
5920
8065
40269
1863
8044
42343
55852
45212
34056
13635
21282
42738
29775
21926
57447
19388
38966
59173
59286
45522
24317
1202
18148
63890
30246
11096
18803
25509
64734
30923
30573
31526
36591
48647
41782
47143
34157
11849
45453
42122
50708
43875
45089
2445
46275
60096
48223
35284
25666
49888
38425
32038
57941
64436
1656
65049
26568
40319
16068
6487
